1 0.249743 0.431207 0.069001 0.100438
1 0.135942 0.358973 0.086509 0.104566
1 0.309990 0.303939 0.109166 0.104566
1 0.445417 0.303939 0.073120 0.110069
1 0.518023 0.350030 0.080330 0.100438
1 0.405252 0.443589 0.050463 0.103190
1 0.438208 0.396122 0.085479 0.085304
1 0.676107 0.469731 0.081359 0.125204
0 0.081874 0.607318 0.054583 0.111445
1 0.161689 0.590807 0.065911 0.108694
1 0.299176 0.488305 0.060762 0.110069
1 0.245623 0.531645 0.046344 0.094935
1 0.212667 0.558474 0.050463 0.123828
1 0.813079 0.587368 0.058702 0.118325