1 0.202148 0.447161 0.082031 0.099154
1 0.364746 0.398889 0.075195 0.099154
1 0.502930 0.385190 0.087891 0.084803
1 0.572754 0.444552 0.081055 0.099154
1 0.463379 0.476516 0.043945 0.118724
1 0.409180 0.496738 0.046875 0.114810
1 0.722656 0.548925 0.056641 0.099154
1 0.821777 0.623942 0.045898 0.103068
1 0.919922 0.670258 0.037109 0.104373
1 0.951172 0.657863 0.031250 0.074365
1 0.976563 0.604373 0.046874 0.105677
1 0.258301 0.600459 0.057617 0.105677
1 0.324219 0.563928 0.058594 0.105677
1 0.208984 0.627856 0.042969 0.097849
1 0.178711 0.658516 0.050781 0.099154
0 0.125000 0.687871 0.058594 0.103068