0 0.156738 0.473255 0.071289 0.120028
1 0.215332 0.713311 0.088867 0.096545
0 0.284668 0.730924 0.059570 0.118724
1 0.386230 0.710050 0.059570 0.087412
1 0.329590 0.621333 0.063477 0.103068
1 0.247559 0.533921 0.075195 0.097849
1 0.346680 0.402803 0.066406 0.091326
1 0.727539 0.666996 0.058594 0.090021
1 0.696777 0.743971 0.034180 0.100459
1 0.661133 0.691785 0.035156 0.090021
1 0.632813 0.728967 0.054688 0.101763
1 0.602539 0.746580 0.042969 0.082193
1 0.568848 0.723749 0.038086 0.078279
1 0.538574 0.721792 0.055664 0.076975
1 0.440430 0.608286 0.064453 0.092631