1 0.176622 0.352782 0.085479 0.114197
1 0.323893 0.307378 0.085479 0.094935
1 0.460350 0.295684 0.074150 0.099063
1 0.537590 0.349342 0.072091 0.112821
1 0.403193 0.412632 0.054583 0.115573
1 0.448507 0.400937 0.050463 0.108694
1 0.315654 0.491745 0.060762 0.111445
1 0.281153 0.430519 0.065911 0.099063
1 0.257981 0.540588 0.040165 0.137587
1 0.216787 0.537836 0.064882 0.121076
1 0.180742 0.578425 0.048404 0.105942
0 0.082904 0.603190 0.052523 0.127956
1 0.716272 0.473858 0.095778 0.122452
1 0.819773 0.550907 0.057673 0.108694
1 0.886200 0.630020 0.048404 0.077049
1 0.878991 0.550219 0.046344 0.090807
1 0.915551 0.582552 0.037075 0.100438
1 0.946447 0.557786 0.039135 0.105942