1 0.591143 0.459412 0.076210 0.110069
1 0.415551 0.352782 0.060762 0.108694
1 0.341916 0.295684 0.084449 0.085304
1 0.348095 0.394746 0.082389 0.074297
1 0.343975 0.466979 0.061792 0.119701
1 0.206488 0.306003 0.071061 0.094935
1 0.151390 0.427767 0.059732 0.107318
1 0.046859 0.354158 0.083419 0.114197
1 0.212152 0.486241 0.055613 0.111445
1 0.166323 0.547467 0.038105 0.104566
1 0.138517 0.559162 0.046344 0.114197
1 0.102987 0.594935 0.049434 0.094935
1 0.063337 0.606630 0.044284 0.101814
0 0.021112 0.629332 0.033986 0.116949
1 0.750257 0.563978 0.064882 0.101814