1 0.470215 0.737448 0.063477 0.110896
1 0.859863 0.685914 0.063477 0.114810
1 0.917969 0.755713 0.062500 0.092631
1 0.922363 0.666344 0.061523 0.093935
1 0.282227 0.591326 0.052734 0.095240
1 0.222656 0.580889 0.041016 0.103068
1 0.177246 0.621985 0.063477 0.096545
1 0.090332 0.591326 0.059570 0.095240
1 0.154785 0.543706 0.051758 0.091326
1 0.599609 0.708093 0.056641 0.106982
1 0.665527 0.725053 0.053711 0.075670
1 0.666016 0.811161 0.060547 0.083498
1 0.724609 0.771369 0.048828 0.097849
1 0.598633 0.802028 0.035156 0.086107
1 0.571289 0.808551 0.048828 0.083498
1 0.536621 0.807899 0.065430 0.071756