1 0.095778 0.614197 0.059732 0.138963
1 0.162204 0.693997 0.056643 0.119701
0 0.218332 0.686430 0.053553 0.088056
1 0.220391 0.779301 0.074150 0.089431
1 0.158599 0.814386 0.055613 0.079800
1 0.096807 0.799939 0.043254 0.111445
1 0.024717 0.811634 0.049434 0.107318
1 0.041710 0.755912 0.066941 0.075673
1 0.064367 0.704316 0.077240 0.060538
1 0.906282 0.299123 0.065911 0.094935
1 0.880021 0.247528 0.087539 0.071545
1 0.851699 0.202812 0.055613 0.086680
1 0.899073 0.184238 0.045314 0.090807
1 0.905767 0.114757 0.081359 0.092183
1 0.949537 0.215195 0.057673 0.089431
1 0.969619 0.253720 0.060762 0.092183