1 0.189453 0.687218 0.060547 0.091326
1 0.398926 0.644817 0.073242 0.108286
1 0.309570 0.708093 0.064453 0.088717
1 0.258789 0.533921 0.068359 0.090021
1 0.500488 0.662430 0.055664 0.093935
1 0.535156 0.771369 0.052734 0.097849
1 0.727051 0.688523 0.047852 0.083498
1 0.220215 0.487606 0.065430 0.067842
1 0.252441 0.454989 0.043945 0.091326
1 0.279297 0.436072 0.054688 0.103068
1 0.353516 0.503262 0.052734 0.088717
1 0.345215 0.612853 0.041992 0.060014
1 0.325684 0.647426 0.075195 0.058710
1 0.256348 0.681347 0.051758 0.090021
0 0.223145 0.771369 0.055664 0.113505