1 0.463379 0.624595 0.069336 0.106982
1 0.539551 0.675476 0.051758 0.088717
1 0.624512 0.705483 0.063477 0.080889
1 0.668945 0.632423 0.074219 0.114810
1 0.602051 0.535878 0.055664 0.099154
1 0.556641 0.549577 0.056641 0.082193
1 0.672363 0.267771 0.073242 0.108286
1 0.521973 0.587412 0.043945 0.084803
1 0.565918 0.621985 0.034180 0.083498
1 0.760742 0.413240 0.056641 0.106982
1 0.785645 0.377362 0.051758 0.103068
1 0.725098 0.252768 0.041992 0.101763
1 0.787109 0.283427 0.060547 0.082193
1 0.796387 0.233198 0.069336 0.075670
1 0.879395 0.219499 0.069336 0.082193
1 0.847168 0.400194 0.057617 0.099154
0 0.873047 0.319957 0.046875 0.082193