1 0.047363 0.621985 0.057617 0.093935
1 0.150879 0.603068 0.063477 0.082193
1 0.958496 0.520875 0.059570 0.103068
1 0.769043 0.148395 0.045898 0.086107
1 0.818359 0.119693 0.050781 0.080889
1 0.730469 0.074030 0.050781 0.083498
1 0.699219 0.059678 0.044922 0.080889
1 0.794434 0.030324 0.055664 0.037835
1 0.781250 0.084467 0.031250 0.044358
1 0.344727 0.738100 0.060547 0.096545
1 0.414551 0.753103 0.045898 0.087412
1 0.383789 0.692437 0.039063 0.104373
1 0.481445 0.712007 0.058594 0.067842
1 0.538086 0.719835 0.050781 0.088717
1 0.600586 0.757017 0.054688 0.097849
1 0.663086 0.722444 0.058594 0.093935
1 0.704590 0.668953 0.049805 0.091326
1 0.741699 0.787024 0.077148 0.087412
1 0.850098 0.655906 0.055664 0.091326
1 0.787598 0.711354 0.034180 0.092631
1 0.741211 0.721139 0.035156 0.083498